"","Behaviour","START","STOP","Duration","ID"
"1","Courtship.Start",10804.65,10808.75,4.10000000000036,"g2.H62xG33"
"2","Leg Showcase",10808.75,10814.91,6.15999999999985,"g2.H62xG33"
"3","Abdomen Tapping",10814.91,10814.92,0.0100000000002183,"g2.H62xG33"
"4","Leg Showcase",10814.92,10918.81,103.889999999999,"g2.H62xG33"
"5","Abdomen Tapping",10918.81,10918.82,0.0100000000002183,"g2.H62xG33"
"6","Leg Showcase",10918.82,10968.36,49.5400000000009,"g2.H62xG33"
"7","Abdomen Tapping",10968.36,10968.37,0.0100000000002183,"g2.H62xG33"
"8","Leg Showcase",10968.37,11004.21,35.8399999999983,"g2.H62xG33"
"9","Abdomen Tapping",11004.21,11004.22,0.0100000000002183,"g2.H62xG33"
"11","Freezing",11004.62,11039.85,35.2299999999996,"g2.H62xG33"
"12","Leg Showcase",11039.85,11112.06,72.2099999999991,"g2.H62xG33"
"13","Freezing",11112.06,11117.9,5.84000000000015,"g2.H62xG33"
"14","Leg Showcase",11117.9,11123.99,6.09000000000015,"g2.H62xG33"
"15","Abdomen Tapping",11123.99,11124,0.0100000000002183,"g2.H62xG33"
"16","Leg Showcase",11124,11134.24,10.2399999999998,"g2.H62xG33"
"17","Freezing",11134.24,11157.31,23.0699999999997,"g2.H62xG33"
"18","Abdomen Tapping",11157.31,11157.32,0.0100000000002183,"g2.H62xG33"
"19","Freezing",11157.32,11160.08,2.76000000000022,"g2.H62xG33"
"20","Leg Showcase",11160.08,11180.35,20.2700000000004,"g2.H62xG33"
"21","Freezing",11180.35,11190.23,9.8799999999992,"g2.H62xG33"
"22","Leg Showcase",11190.23,11199.39,9.15999999999985,"g2.H62xG33"
"23","Leg Showcase + Pedipalp Showcase",11199.39,11202.8,3.40999999999985,"g2.H62xG33"
"24","Leg Showcase",11202.8,11240.52,37.7200000000012,"g2.H62xG33"
"25","Freezing",11240.52,11254.18,13.6599999999999,"g2.H62xG33"
"26","Leg Showcase",11254.18,11269.82,15.6399999999994,"g2.H62xG33"
"27","Freezing",11269.82,11271.08,1.26000000000022,"g2.H62xG33"
"28","Leg Showcase",11271.08,11297.9,26.8199999999997,"g2.H62xG33"
"29","Freezing",11297.9,11300.73,2.82999999999993,"g2.H62xG33"
"30","Leg Showcase",11300.73,11323.97,23.2399999999998,"g2.H62xG33"
"31","Freezing",11323.97,11329.81,4.98999999999978,"g2.H62xG33"
"34","Abdomen Tapping",11329.81,11329.82,0.0100000000002183,"g2.H62xG33"
"36","Leg Showcase",11330.52,11336.12,5.60000000000036,"g2.H62xG33"
"37","Freezing",11336.12,11347.76,11.6399999999994,"g2.H62xG33"
"38","Leg Showcase",11347.76,11356.53,8.77000000000044,"g2.H62xG33"
"39","Freezing",11356.53,11363.82,7.28999999999905,"g2.H62xG33"
"40","Leg Showcase",11363.82,11379.43,15.6100000000006,"g2.H62xG33"
"41","Freezing",11379.43,11410.3,30.869999999999,"g2.H62xG33"
"42","Leg Showcase",11410.3,11419.09,8.79000000000087,"g2.H62xG33"
"43","Freezing",11419.09,11438.64,19.5499999999993,"g2.H62xG33"
"44","Abdomen Tapping",11438.64,11438.65,0.0100000000002183,"g2.H62xG33"
"46","Leg Showcase",11438.95,11476.79,37.8400000000001,"g2.H62xG33"
"47","Freezing",11476.79,11480.47,3.67999999999847,"g2.H62xG33"
"48","Leg Showcase",11480.47,11524.5,44.0300000000007,"g2.H62xG33"
"49","Freezing",11524.5,11535.46,10.9599999999991,"g2.H62xG33"
"50","Leg Showcase",11535.46,11561.09,25.630000000001,"g2.H62xG33"
"51","Freezing",11561.09,11583.19,22.1000000000004,"g2.H62xG33"
"52","Leg Showcase",11583.19,11613.33,30.1399999999994,"g2.H62xG33"
"53","Abdomen Tapping",11613.33,11613.34,0.0100000000002183,"g2.H62xG33"
"54","Leg Showcase",11613.34,11626.72,13.3799999999992,"g2.H62xG33"
"55","Freezing",11626.72,11627.77,1.05000000000109,"g2.H62xG33"
"56","Leg Showcase",11627.77,11650.48,22.7099999999991,"g2.H62xG33"
"57","Freezing",11650.48,11658.02,7.54000000000087,"g2.H62xG33"
"58","Leg Showcase",11658.02,11705.72,47.6999999999989,"g2.H62xG33"
"59","Abdomen Tapping",11705.72,11705.73,0.0100000000002183,"g2.H62xG33"
"61","Freezing",11706.05,11708.9,2.85000000000036,"g2.H62xG33"
"62","Leg Showcase",11708.9,11715.13,6.22999999999956,"g2.H62xG33"
"63","Freezing",11715.13,11720.12,4.9900000000016,"g2.H62xG33"
"64","Leg Showcase",11720.12,11742.13,22.0099999999984,"g2.H62xG33"
"65","Abdomen Tapping",11742.13,11742.14,0.0100000000002183,"g2.H62xG33"
"66","Leg Showcase",11742.14,11778.6,36.4600000000009,"g2.H62xG33"
"67","Freezing",11778.6,11794.73,16.1299999999992,"g2.H62xG33"
"68","Abdomen Tapping",11794.73,11794.74,0.0100000000002183,"g2.H62xG33"
"69","Leg Showcase",11794.74,11800.63,5.88999999999942,"g2.H62xG33"
"70","Freezing",11800.63,11808.09,7.46000000000095,"g2.H62xG33"
"71","Leg Showcase",11808.09,11812.06,3.96999999999935,"g2.H62xG33"
"72","Freezing",11812.06,11824.51,12.4500000000007,"g2.H62xG33"
"73","Leg Showcase",11824.51,11829.22,4.70999999999913,"g2.H62xG33"
"74","Freezing",11829.22,11841.61,12.3900000000012,"g2.H62xG33"
"75","Leg Showcase",11841.61,11844.97,3.35999999999876,"g2.H62xG33"
"76","Freezing",11844.97,11865.51,20.5400000000009,"g2.H62xG33"
"77","Leg Showcase",11865.51,11870.2,4.69000000000051,"g2.H62xG33"
"78","Freezing",11870.2,11885.16,14.9599999999991,"g2.H62xG33"
"79","Leg Showcase",11885.16,11889.18,4.02000000000044,"g2.H62xG33"
"80","Freezing",11889.18,11903.14,13.9599999999991,"g2.H62xG33"
"81","Leg Showcase",11903.14,11905.47,2.32999999999993,"g2.H62xG33"
"82","Freezing",11905.47,11920.03,14.5600000000013,"g2.H62xG33"
"83","Leg Showcase",11920.03,11921.79,1.76000000000022,"g2.H62xG33"
"84","Freezing",11921.79,11954.22,32.4299999999985,"g2.H62xG33"
"86","Leg Showcase + Pedipalp Showcase",11954.4,11955.64,1.23999999999978,"g2.H62xG33"
"87","Leg Showcase",11955.64,11956.82,1.18000000000029,"g2.H62xG33"
"88","Freezing",11956.82,11988.45,31.630000000001,"g2.H62xG33"
"90","Mounting.Start",11988.54,11988.55,0.00999999999839929,"g2.H62xG33"
"91","Leg Showcase + Mounted",11988.55,11992.71,4.15999999999985,"g2.H62xG33"
"92","Mounted + Freezing",11992.71,12014.5,21.7900000000009,"g2.H62xG33"
"94","Leg Showcase + Mounted + Pedipalp Showcase",12014.91,12018.74,3.82999999999993,"g2.H62xG33"
"95","Mounted + Freezing",12018.74,12039,20.2600000000002,"g2.H62xG33"
"97","Leg Showcase + Mounted + Pedipalp Showcase",12039.06,12042.84,3.78000000000065,"g2.H62xG33"
"99","Mounted + Freezing",12043.66,12056.42,12.7600000000002,"g2.H62xG33"
"100","Leg Showcase + Mounted",12056.42,12057.57,1.14999999999964,"g2.H62xG33"
"101","Mounted + Freezing",12057.57,12080.34,22.7700000000004,"g2.H62xG33"
"102","Leg Showcase + Mounted",12080.34,12083.62,3.28000000000065,"g2.H62xG33"
"103","Mounted + Freezing",12083.62,12097.91,14.2899999999991,"g2.H62xG33"
"104","Retreat",12097.91,12101.8,3.88999999999942,"g2.H62xG33"
